%YAML 1.0
---
names:
   - "1"
   - "10"
   - "11"
   - "12"
   - "13"
   - "14"
   - "15"
   - "16"
   - "17"
   - "18"
   - "19"
   - "2"
   - "20"
   - "21"
   - "22"
   - "23"
   - "3"
   - "4"
   - "5"
   - "6"
   - "7"
   - "8"
   - "9"
R_1: !!opencv-matrix
   rows: 3
   cols: 1
   dt: d
   data: [ 1.4669927917159911e+00, -1.4474944479844187e+00,
       1.0654191195632994e+00 ]
Rot_1: !!opencv-matrix
   rows: 3
   cols: 3
   dt: d
   data: [ -8.9178619368380785e-03, -9.9947025135471135e-01,
       3.1299974367819061e-02, -3.2694659041264756e-01,
       -2.6666499697833967e-02, -9.4466651513188005e-01,
       9.4500074008226076e-01, -1.8657825457862154e-02,
       -3.2653558273665029e-01 ]
T_1: !!opencv-matrix
   rows: 3
   cols: 1
   dt: d
   data: [ 1.3538821883123289e-01, 8.5448637042441988e-01,
       3.3707566630661425e+00 ]
R_10: !!opencv-matrix
   rows: 3
   cols: 1
   dt: d
   data: [ 1.8926272563186028e+00, 6.3267987355907196e-01,
       -5.9546509084082755e-01 ]
Rot_10: !!opencv-matrix
   rows: 3
   cols: 3
   dt: d
   data: [ 7.4071207274242123e-01, 6.6061102849918818e-01,
       -1.2222395149425958e-01, 1.6199815157248698e-01,
       -3.5218952381685614e-01, -9.2180211444797300e-01,
       -6.5199863817397952e-01, 6.6298990063114915e-01,
       -3.6788879770981775e-01 ]
T_10: !!opencv-matrix
   rows: 3
   cols: 1
   dt: d
   data: [ -2.6673500493163121e-01, 8.0440606312369012e-01,
       3.5317514306885633e+00 ]
R_11: !!opencv-matrix
   rows: 3
   cols: 1
   dt: d
   data: [ 1.7134028155023320e+00, 1.0645783451964623e+00,
       -6.3932212721074877e-01 ]
Rot_11: !!opencv-matrix
   rows: 3
   cols: 3
   dt: d
   data: [ 4.7700536723237874e-01, 8.7694356550973063e-01,
       5.8616231050659051e-02, 3.6032251232096429e-01,
       -1.3429199715164619e-01, -9.2311069033769222e-01,
       -8.0164428941158949e-01, 4.6144950147562502e-01,
       -3.8004051210586082e-01 ]
T_11: !!opencv-matrix
   rows: 3
   cols: 1
   dt: d
   data: [ -3.0318436811991073e-01, 6.1785086227657671e-01,
       3.6034277520449458e+00 ]
R_12: !!opencv-matrix
   rows: 3
   cols: 1
   dt: d
   data: [ 1.6327848032113974e+00, 1.2720405532687324e+00,
       -9.3858375626437385e-01 ]
Rot_12: !!opencv-matrix
   rows: 3
   cols: 3
   dt: d
   data: [ 2.0377439448166790e-01, 9.7712430719456433e-01,
       -6.0861189958559880e-02, 3.4637938411863445e-01,
       -1.3010121889990567e-01, -9.2902906041649413e-01,
       -9.1569499202039140e-01, 1.6823127274767086e-01,
       -3.6496701283605598e-01 ]
T_12: !!opencv-matrix
   rows: 3
   cols: 1
   dt: d
   data: [ -1.7081718233278884e-01, 7.5693883489734592e-01,
       3.7243562675697053e+00 ]
R_13: !!opencv-matrix
   rows: 3
   cols: 1
   dt: d
   data: [ 1.5774086394104765e+00, 1.4276686555520970e+00,
       -1.0655827152259196e+00 ]
Rot_13: !!opencv-matrix
   rows: 3
   cols: 3
   dt: d
   data: [ 3.3986409410032725e-02, 9.9466922811912029e-01,
       -9.7355280330994998e-02, 3.7627065128700110e-01,
       -1.0297878034649266e-01, -9.2076911751991575e-01,
       -9.2588623542823512e-01, -5.3382985362254720e-03,
       -3.7776471726892213e-01 ]
T_13: !!opencv-matrix
   rows: 3
   cols: 1
   dt: d
   data: [ -2.5072212183723241e-01, 7.1782595010966588e-01,
       3.7906980375345154e+00 ]
R_14: !!opencv-matrix
   rows: 3
   cols: 1
   dt: d
   data: [ 1.2649210027971336e+00, 1.6945803676504525e+00,
       -1.2142974182194575e+00 ]
Rot_14: !!opencv-matrix
   rows: 3
   cols: 3
   dt: d
   data: [ -2.8847560631437913e-01, 9.5746830572753439e-01,
       -6.0222992947895904e-03, 3.1348610673265376e-01,
       8.8503456811679815e-02, -9.4545946450283447e-01,
       -9.0471447730604748e-01, -2.7462989942762578e-01,
       -3.2568409984710284e-01 ]
T_14: !!opencv-matrix
   rows: 3
   cols: 1
   dt: d
   data: [ -2.6841210940885341e-01, 8.5396578141219270e-01,
       3.8258065710881097e+00 ]
R_15: !!opencv-matrix
   rows: 3
   cols: 1
   dt: d
   data: [ 1.0566980523912253e+00, 2.0116831307366616e+00,
       -1.3410033078304504e+00 ]
Rot_15: !!opencv-matrix
   rows: 3
   cols: 3
   dt: d
   data: [ -5.7519201261857900e-01, 8.1789364725373614e-01,
       -1.4287421102817166e-02, 3.2782414248063668e-01,
       2.1447332728535962e-01, -9.2007202081683914e-01,
       -7.4945679009975197e-01, -5.3390183897897159e-01,
       -3.9148862832558579e-01 ]
T_15: !!opencv-matrix
   rows: 3
   cols: 1
   dt: d
   data: [ -2.3678791610914007e-01, 4.2597633938423196e-01,
       3.9250526929944693e+00 ]
R_16: !!opencv-matrix
   rows: 3
   cols: 1
   dt: d
   data: [ 7.5295453660233569e-01, 2.1285128396635020e+00,
       -1.5702127898654685e+00 ]
Rot_16: !!opencv-matrix
   rows: 3
   cols: 3
   dt: d
   data: [ -7.8009046763398349e-01, 6.2564254366112027e-01,
       -5.5018058704606188e-03, 1.8992307749735235e-01,
       2.2841114237391502e-01, -9.5485997647475973e-01,
       -5.9614435075787453e-01, -7.4592208547588068e-01,
       -2.9700531217267068e-01 ]
T_16: !!opencv-matrix
   rows: 3
   cols: 1
   dt: d
   data: [ -6.5055631962264521e-02, 8.8474103960022221e-01,
       3.8989397244704018e+00 ]
R_17: !!opencv-matrix
   rows: 3
   cols: 1
   dt: d
   data: [ 4.5032633771833808e-01, 2.3996998114796537e+00,
       -1.5252164050862318e+00 ]
Rot_17: !!opencv-matrix
   rows: 3
   cols: 3
   dt: d
   data: [ -9.1757602623866319e-01, 3.9392845493973833e-01,
       5.3615375228144024e-02, 1.1869112861518732e-01,
       4.0014910704787432e-01, -9.0873159300028816e-01,
       -3.7942937690710926e-01, -8.2746665462577940e-01,
       -4.1392304045837280e-01 ]
T_17: !!opencv-matrix
   rows: 3
   cols: 1
   dt: d
   data: [ 6.6335865896481980e-02, 4.5452519403379138e-01,
       3.9636812343580550e+00 ]
R_18: !!opencv-matrix
   rows: 3
   cols: 1
   dt: d
   data: [ 8.4297317614418804e-02, 2.5790080830024888e+00,
       -1.7686773625594636e+00 ]
Rot_18: !!opencv-matrix
   rows: 3
   cols: 3
   dt: d
   data: [ -9.9846025800868721e-01, 5.1910467187803969e-02,
       -1.9555474260926992e-02, 3.6943171415298043e-02,
       3.5929012405917848e-01, -9.3249440150561747e-01,
       -4.1380131258923723e-02, -9.3178104195668399e-01,
       -3.6065464725566820e-01 ]
T_18: !!opencv-matrix
   rows: 3
   cols: 1
   dt: d
   data: [ 3.3168527050518021e-01, 7.0501987808723654e-01,
       3.8932437548413996e+00 ]
R_19: !!opencv-matrix
   rows: 3
   cols: 1
   dt: d
   data: [ 1.4933287443725801e-01, -2.4744967539745537e+00,
       1.6934796289529352e+00 ]
Rot_19: !!opencv-matrix
   rows: 3
   cols: 3
   dt: d
   data: [ -9.8537863058355868e-01, -1.5996172602427644e-01,
       -5.8661747302692545e-02, -3.2334416730395582e-03,
       3.6179689921521485e-01, -9.3225133337164146e-01,
       1.7034817065122149e-01, -9.1843086289910281e-01,
       -3.5702416000908399e-01 ]
T_19: !!opencv-matrix
   rows: 3
   cols: 1
   dt: d
   data: [ 2.2418392897028960e-01, 6.2003296022650634e-01,
       3.8453894235940296e+00 ]
R_2: !!opencv-matrix
   rows: 3
   cols: 1
   dt: d
   data: [ 1.7648714163988801e+00, -1.1108298817774871e+00,
       9.2370005509011011e-01 ]
Rot_2: !!opencv-matrix
   rows: 3
   cols: 3
   dt: d
   data: [ 3.3724365669611989e-01, -9.2966387407581630e-01,
       1.4829631572151269e-01, -3.1538891801921604e-01,
       -2.5999271709739724e-01, -9.1265196950808192e-01,
       8.8701552771577674e-01, 2.6101507292617726e-01,
       -3.8088657799461040e-01 ]
T_2: !!opencv-matrix
   rows: 3
   cols: 1
   dt: d
   data: [ 1.2965005804452920e-01, 8.2328390497113713e-01,
       3.3353151569068191e+00 ]
R_20: !!opencv-matrix
   rows: 3
   cols: 1
   dt: d
   data: [ 4.8268156562068054e-01, -2.4017313593281187e+00,
       1.6099276689163884e+00 ]
Rot_20: !!opencv-matrix
   rows: 3
   cols: 3
   dt: d
   data: [ -9.2436454779502253e-01, -3.8142795815232255e-01,
       7.9306695463538246e-03, -1.5225928758577159e-01,
       3.4977021057015745e-01, -9.2437974293121594e-01,
       3.4981036594643200e-01, -8.5567138116069863e-01,
       -3.8139113169942163e-01 ]
T_20: !!opencv-matrix
   rows: 3
   cols: 1
   dt: d
   data: [ 2.6365869028722616e-01, 5.4402662367386623e-01,
       3.7897322434674368e+00 ]
R_21: !!opencv-matrix
   rows: 3
   cols: 1
   dt: d
   data: [ 7.5193722702342292e-01, -2.1791031780260526e+00,
       1.4345910944590374e+00 ]
Rot_21: !!opencv-matrix
   rows: 3
   cols: 3
   dt: d
   data: [ -7.6391076314527662e-01, -6.4318807524924493e-01,
       -5.2435158128613768e-02, -2.0606952193746192e-01,
       3.2013182793730210e-01, -9.2468965868013664e-01,
       6.1153552478925288e-01, -6.9557509486660984e-01,
       -3.7709360816916493e-01 ]
T_21: !!opencv-matrix
   rows: 3
   cols: 1
   dt: d
   data: [ 3.6371147388865571e-01, 6.7672702638064697e-01,
       3.6950499159012988e+00 ]
R_22: !!opencv-matrix
   rows: 3
   cols: 1
   dt: d
   data: [ 1.1016007073201484e+00, -1.9365479867457205e+00,
       1.3758946759213440e+00 ]
Rot_22: !!opencv-matrix
   rows: 3
   cols: 3
   dt: d
   data: [ -5.3600615717100508e-01, -8.4311173855947197e-01,
       4.3127668357985816e-02, -3.1818165424442285e-01,
       1.5443642750350206e-01, -9.3536614475949398e-01,
       7.8195769347008426e-01, -5.1508444566224332e-01,
       -3.5104156372111461e-01 ]
T_22: !!opencv-matrix
   rows: 3
   cols: 1
   dt: d
   data: [ 4.3789887665730781e-01, 8.7235435704460562e-01,
       3.5722787873153559e+00 ]
R_23: !!opencv-matrix
   rows: 3
   cols: 1
   dt: d
   data: [ 1.1760782552149960e+00, -1.8259990659748588e+00,
       1.1614377602837016e+00 ]
Rot_23: !!opencv-matrix
   rows: 3
   cols: 3
   dt: d
   data: [ -3.7296074004834595e-01, -9.2557392874709432e-01,
       -6.4909081076985287e-02, -3.3358697079151911e-01,
       1.9904024852100743e-01, -9.2146769470602352e-01,
       8.6580599403141578e-01, -3.2201844961486914e-01,
       -3.8299360152215034e-01 ]
T_23: !!opencv-matrix
   rows: 3
   cols: 1
   dt: d
   data: [ 5.0437933522510137e-01, 7.1055819964564848e-01,
       3.5278973791471313e+00 ]
R_3: !!opencv-matrix
   rows: 3
   cols: 1
   dt: d
   data: [ 1.7344431966499108e+00, -1.0488607626217044e+00,
       6.2788469304546157e-01 ]
Rot_3: !!opencv-matrix
   rows: 3
   cols: 3
   dt: d
   data: [ 4.9432240515464554e-01, -8.6768702049331159e-01,
       -5.2579408798175742e-02, -3.6351651949108504e-01,
       -1.5139465179705014e-01, -9.1920367681180282e-01,
       7.8962085827263562e-01, 4.7349645603181578e-01,
       -3.9025633410118643e-01 ]
T_3: !!opencv-matrix
   rows: 3
   cols: 1
   dt: d
   data: [ 3.0620743740273504e-01, 8.0577003700015148e-01,
       3.3067659514203287e+00 ]
R_4: !!opencv-matrix
   rows: 3
   cols: 1
   dt: d
   data: [ 1.9213717326569666e+00, -7.6494300595643350e-01,
       3.8255195351876653e-01 ]
Rot_4: !!opencv-matrix
   rows: 3
   cols: 3
   dt: d
   data: [ 7.5068810468266456e-01, -6.5765864493883763e-01,
       -6.2868722153076761e-02, -3.4420532675192794e-01,
       -3.0811219247354865e-01, -8.8689884986098699e-01,
       5.6390607597679554e-01, 6.8742416569855525e-01,
       -4.5766576656999136e-01 ]
T_4: !!opencv-matrix
   rows: 3
   cols: 1
   dt: d
   data: [ 5.5366631981909031e-01, 5.7505560998322325e-01,
       3.2931927802933751e+00 ]
R_5: !!opencv-matrix
   rows: 3
   cols: 1
   dt: d
   data: [ 1.8957158677950181e+00, -4.7220035756527784e-01,
       3.2453055528481300e-01 ]
Rot_5: !!opencv-matrix
   rows: 3
   cols: 3
   dt: d
   data: [ 8.8295905870293179e-01, -4.6944958495306982e-01,
       6.2276947891684586e-04, -1.6882182749933156e-01,
       -3.1876395303440941e-01, -9.3267825792481251e-01,
       4.3804393753848403e-01, 8.2341157960844069e-01,
       -3.6070885677026748e-01 ]
T_5: !!opencv-matrix
   rows: 3
   cols: 1
   dt: d
   data: [ -4.0983427328061879e-02, 9.2175130735523203e-01,
       3.2572920695554815e+00 ]
R_6: !!opencv-matrix
   rows: 3
   cols: 1
   dt: d
   data: [ 1.9145597718796732e+00, -2.7774307554096234e-01,
       1.4253945651609534e-01 ]
Rot_6: !!opencv-matrix
   rows: 3
   cols: 3
   dt: d
   data: [ 9.6475820136784285e-01, -2.6081934384618854e-01,
       -3.4855168470799031e-02, -1.2375433804331380e-01,
       -3.3283329021958746e-01, -9.3482985871069857e-01,
       2.3222074995345557e-01, 9.0619825137618049e-01,
       -3.5338117167416710e-01 ]
T_6: !!opencv-matrix
   rows: 3
   cols: 1
   dt: d
   data: [ -1.2093520255743886e-01, 8.4997725320931172e-01,
       3.2446367719593368e+00 ]
R_7: !!opencv-matrix
   rows: 3
   cols: 1
   dt: d
   data: [ 1.9097270570274663e+00, 1.9918449804484065e-01,
       1.8152052716075683e-02 ]
Rot_7: !!opencv-matrix
   rows: 3
   cols: 3
   dt: d
   data: [ 9.8543615882842106e-01, 1.2960181853866368e-01,
       1.1008608224910900e-01, 1.4736629193150882e-01,
       -3.2786759690577799e-01, -9.3315915839774488e-01,
       -8.4845464674569451e-02, 9.3579175436135442e-01,
       -3.4219152472475822e-01 ]
T_7: !!opencv-matrix
   rows: 3
   cols: 1
   dt: d
   data: [ -3.3640216533633754e-01, 9.4850018970811190e-01,
       3.2884429651993909e+00 ]
R_8: !!opencv-matrix
   rows: 3
   cols: 1
   dt: d
   data: [ 1.9084387808464338e+00, 4.4055677021091388e-01,
       -1.7753040885284641e-01 ]
Rot_8: !!opencv-matrix
   rows: 3
   cols: 3
   dt: d
   data: [ 9.1917711788616008e-01, 3.8449335563180065e-01,
       8.5312867900981790e-02, 2.1791538812963640e-01,
       -3.1607185312389779e-01, -9.2336962657385224e-01,
       -3.2806448995708548e-01, 8.6733121881886799e-01,
       -3.7431303382513215e-01 ]
T_8: !!opencv-matrix
   rows: 3
   cols: 1
   dt: d
   data: [ -2.2919845437386610e-01, 8.4566766386759340e-01,
       3.3840281738282378e+00 ]
R_9: !!opencv-matrix
   rows: 3
   cols: 1
   dt: d
   data: [ 1.9103876511728974e+00, 5.4435579604450257e-01,
       -3.9104334512317035e-01 ]
Rot_9: !!opencv-matrix
   rows: 3
   cols: 3
   dt: d
   data: [ 8.4235461719242366e-01, 5.3853427641229379e-01,
       -2.0482480896922201e-02, 1.9132476687326488e-01,
       -3.3436117124966824e-01, -9.2282037295534436e-01,
       -5.0381894811082328e-01, 7.7342319611557886e-01,
       -3.8468562129986916e-01 ]
T_9: !!opencv-matrix
   rows: 3
   cols: 1
   dt: d
   data: [ -2.1300176394541587e-01, 7.9180707447875798e-01,
       3.4596324201445365e+00 ]
